104
127
87
47
-45
-96
-48
7
87
127
69
33
-83
-111
-45
-12
91
127
127
127
-79
-128
-16
28
74
127
76
65
-114
-128
-27
3
-37
3
62
53
-105
-89
74
105
71
29
51
14
-126
-78
127
127
-41
-26
38
44
-16
-3
24
60
97
72
34
-1
-22
8
13
47
93
42
-95
-79
127
72
-128
-122
127
127
28
28
126
54
-48
-121
77
40
-117
-128
86
2
-109
-124
53
22
40
35
127
115
-39
-128
73
99
-30
-46
64
108
66
66
57
33
54
70
90
96
111
100
56
76
-6
-2
11
21
77
100
78
46
15
38
102
92
108
121
56
54
-31
-16
116
77
-67
-78
67
45
-80
-53
127
89
7
-60
32
25
-24
-8
73
64
-46
-74
8
-28
-112
-99
58
25
-32
-109
-50
-26
-10
-12
-37
8
102
83
-7
-77
-95
-97
-30
-18
-43
-41
-69
-48
-28
-4
-10
5
91
81
-39
-105
-109
-89
-30
-22
1
-4
-108
-85
-41
33
122
76
-1
-57
-87
-77
-90
-27
44
100
114
93
-55
-33
-62
-8
127
110
-51
-124
-80
-71
-73
-14
99
127
65
54
65
66
-73
-69
99
95
-45
-82
-52
-54
-81
-35
89
78
33
-38
47
56
-79
-81
63
61
-62
-92
-52
-49
-88
-50
72
68
-6
-69
