104
127
91
127
87
47
127
127
-45
-96
-79
-128
-48
7
-16
28
87
127
74
127
69
33
76
65
-83
-111
-114
-128
-45
-12
-27
3
-37
3
-41
-26
62
53
38
44
-105
-89
-16
-3
74
105
24
60
71
29
97
72
51
14
34
-1
-126
-78
-22
8
127
127
13
47
93
42
77
40
-95
-79
-117
-128
127
72
86
2
-128
-122
-109
-124
127
127
53
22
28
28
40
35
126
54
127
115
-48
-121
-39
-128
73
99
56
76
-30
-46
-6
-2
64
108
11
21
66
66
77
100
57
33
78
46
54
70
15
38
90
96
102
92
111
100
108
121
56
54
32
25
-31
-16
-24
-8
116
77
73
64
-67
-78
-46
-74
67
45
8
-28
-80
-53
-112
-99
127
89
58
25
7
-60
-32
-109
-50
-26
-69
-48
-10
-12
-28
-4
-37
8
-10
5
102
83
91
81
-7
-77
-39
-105
-95
-97
-109
-89
-30
-18
-30
-22
-43
-41
1
-4
-108
-85
-55
-33
-41
33
-62
-8
122
76
127
110
-1
-57
-51
-124
-87
-77
-80
-71
-90
-27
-73
-14
44
100
99
127
114
93
65
54
65
66
47
56
-73
-69
-79
-81
99
95
63
61
-45
-82
-62
-92
-52
-54
-52
-49
-81
-35
-88
-50
89
78
72
68
33
-38
-6
-69
