-128
18
14
-9
-128
-128
-35
-128
-128
-84
60
59
-128
-77
-18
-128
-82
-128
-47
2
-97
-39
-73
-128
-115
-6
-71
-6
-128
-125
-19
-128
-122
-14
27
78
-128
-122
-25
-128
-121
-113
41
65
-128
-77
-53
-128
-77
-128
-69
-24
-87
-47
-84
-128
-109
-44
-71
-11
-128
-128
-44
-115
-128
79
-125
-90
-107
-128
39
-84
-82
-76
-1
-68
-114
-123
-128
-124
-73
24
-116
-51
-79
-83
64
-83
-90
-31
-5
-19
-100
-118
-71
-106
-128
36
-27
-55
-94
-83
61
-72
-49
-77
-10
-15
-114
-92
-94
-120
-19
24
-118
-2
-84
-87
46
-102
-128
-64
48
42
-128
-128
-128
-128
-128
-1
-35
-63
-128
-128
-10
-68
-43
-46
-93
-20
-69
-42
-35
-128
-105
-35
-10
-68
-128
-128
-57
-46
-38
-10
-122
-30
-45
-26
41
-99
-75
44
-21
-24
-128
-128
-48
-99
-84
-12
-12
6
-89
-59
2
-123
-82
-46
9
-20
-105
-116
-7
-40
-48
-76
-79
6
-128
-56
-44
-128
-128
22
-17
-47
-128
-128
-42
-128
-41
-51
-59
-43
-51
-67
-1
-63
-128
46
-33
16
-128
-108
-2
-128
-55
-23
-8
-17
-81
-103
-19
-74
-128
35
-18
-7
-115
-68
45
-121
-79
-3
-24
-60
-63
-87
-25
-85
-128
71
-10
-5
-128
-95
37
-128
-92
-83
52
35
-128
-109
-87
-128
-128
5
-38
-84
-128
-128
-57
-119
-90
0
-72
-67
-68
-80
9
-88
-127
-37
-1
-61
-107
-121
-43
-68
-58
9
-106
-50
-70
-60
37
-83
-49
-24
-51
-51
-120
-128
-86
-91
-86
-9
-106
-102
-46
-64
-10
-91
-128
22
-31
-106
-107
-128
-27
-60
-101
-76
-51
-66
-115
-72
-76
-121
-128
-33
-91
-113
-109
-128
-74
-114
-105
-37
-75
-121
-69
-117
-36
-55
-94
50
-84
-18
-116
-102
20
-128
-60
-35
1
-1
-128
-128
-68
-99
-128
-108
-35
-56
-105
-54
-70
-124
-68
-82
-119
-128
-50
-104
-55
-46
-108
-18
-87
-73
-116
-128
-41
-99
-19
-62
-74
-9
-128
-128
-80
-112
-110
-12
-128
-86
-110
-128
-6
-91
-66
-17
-72
-35
-99
-121
-74
-128
-128
24
-13
-35
-128
-128
27
-62
-74
-94
-41
-28
-101
-51
-82
-128
-75
-68
-103
-100
-98
-117
-87
-106
-101
-32
-87
-64
-89
-110
-47
-121
-128
49
-15
7
-128
-128
24
-125
-121
-80
43
44
-128
-90
-72
-128
-128
-28
-13
-57
-128
-128
-72
-121
-128
-12
-86
-74
-60
-45
27
-103
-128
-5
-3
-82
-128
-128
-81
-128
-120
-83
-64
-97
-84
-67
-59
-110
-128
-64
-77
-91
-114
-114
-73
-117
-128
4
-107
-95
-77
-98
-3
-99
-128
23
-24
-90
-119
-128
-33
-101
-128
-86
-27
-103
-113
-81
-97
-124
