232
255
215
175
83
32
80
135
215
255
197
161
45
17
83
116
219
255
255
255
49
0
112
156
202
255
204
193
14
0
101
131
91
131
190
181
23
39
202
233
199
157
179
142
2
50
255
255
87
102
166
172
112
125
152
188
225
200
162
127
106
136
141
175
221
170
33
49
255
200
0
6
255
255
156
156
254
182
80
7
205
168
11
0
214
130
19
4
181
150
168
163
255
243
89
0
201
227
98
82
192
236
194
194
185
161
182
198
218
224
239
228
184
204
122
126
139
149
205
228
206
174
143
166
230
220
236
249
184
182
97
112
244
205
61
50
195
173
48
75
255
217
135
68
160
153
104
120
201
192
82
54
136
100
16
29
186
153
96
19
78
102
118
116
91
136
230
211
121
51
33
31
98
110
85
87
59
80
100
124
118
133
219
209
89
23
19
39
98
106
129
124
20
43
87
161
250
204
127
71
41
51
38
101
172
228
242
221
73
95
66
120
255
238
77
4
48
57
55
114
227
255
193
182
193
194
55
59
227
223
83
46
76
74
47
93
217
206
161
90
175
184
49
47
191
189
66
36
76
79
40
78
200
196
122
59
